29.10 51.80
32.70 56.70
35.40 51.80
36.20 38.40
36.20 38.50
38.40 29.60
38.50 29.70
39.20 42.30
39.20 42.50
39.60 54.70
40.00 38.10
41.00 32.40
41.00 32.50
41.30 75.50
41.40 75.30
41.50 75.30
43.10 21.40
43.10 21.50
43.10 89.80
43.80 21.40
43.80 21.50
44.70 22.40
44.70 22.50
44.80 50.80
45.30 41.00
45.40 10.10
45.40 31.40
45.40 31.50
45.50 10.00
45.50 31.40
45.50 31.50
45.80 4.90
45.80 71.40
45.80 71.50
46.40 79.10
46.50 79.20
46.80 67.40
46.80 67.50
47.20 8.50
47.40 95.70
47.50 95.50
49.00 32.00
49.20 12.20
49.60 65.70
50.00 3.80
50.30 90.70
50.50 90.70
50.80 32.40
50.80 32.50
51.10 27.70
51.10 65.30
51.30 5.40
51.30 5.50
51.30 29.40
51.30 29.50
51.90 43.70
52.10 4.40
52.10 4.50
52.70 75.20
52.80 58.70
53.10 63.80
53.30 85.60
53.40 94.10
53.50 94.10
54.20 76.20
54.30 47.10
54.50 38.40
54.60 38.50
55.60 33.00
55.60 55.70
57.10 81.80
57.40 67.40
57.40 67.50
57.40 75.80
57.50 67.40
57.50 67.50
58.80 78.30
59.20 19.20
59.60 32.40
59.60 32.50
59.90 61.10
60.80 69.40
60.90 69.60
61.40 48.10
61.50 48.10
61.70 60.10
63.30 19.40
63.30 19.50
63.30 68.40
63.30 68.50
63.80 57.00
64.40 54.00
64.50 54.00
64.70 57.90
64.90 59.00
65.20 64.60
65.60 36.70
66.30 25.70
66.50 22.20
66.80 35.80
74.40 60.70
74.50 60.70
77.40 51.00
77.40 59.10
77.50 59.10
77.60 45.20
78.10 52.60