32.40 64.10
32.70 55.10
33.10 55.80
33.20 64.30
33.50 54.10
33.60 60.30
33.60 60.50
33.90 52.30
34.10 54.90
34.80 56.10
35.10 62.40
35.10 62.50
35.50 58.60
35.60 57.60
35.70 60.40
35.70 60.50
36.20 48.80
37.10 68.60
37.20 39.10
37.40 36.80
37.40 47.70
37.50 68.80
37.90 46.70
38.10 31.10
38.10 37.90
38.20 70.70
38.40 38.60
38.50 38.60
38.60 36.60
38.60 57.30
38.70 71.30
38.80 28.10
38.80 55.20
38.90 30.90
39.10 43.20
39.40 73.20
39.50 54.50
39.50 71.40
39.60 33.30
39.60 40.70
39.80 49.60
40.10 60.50
40.20 47.40
40.30 39.70
40.30 41.70
40.30 47.50
40.50 54.70
40.50 69.40
40.60 23.70
40.60 69.50
40.80 58.20
40.90 23.20
40.90 59.70
41.20 62.30
41.40 22.20
41.50 22.20
42.20 20.50
42.20 28.20
42.30 88.60
42.40 38.50
42.50 34.70
42.50 86.40
42.50 86.50
42.70 21.20
43.20 43.20
43.20 84.30
43.20 90.50
43.30 63.60
44.40 31.70
44.40 36.60
44.50 26.90
44.50 27.70
44.50 36.60
44.50 38.40
44.50 38.50
44.80 93.10
44.90 21.90
45.10 76.70
45.40 42.10
45.50 42.10
45.60 78.60
45.90 64.40
45.90 64.50
46.20 66.40
46.20 66.50
46.20 68.80
46.70 67.60
47.70 24.20
48.10 68.70
48.50 65.40
48.50 65.50
48.90 45.20
49.40 76.30
49.50 76.30
50.10 71.40
50.30 12.70
50.50 66.10
50.70 42.80
51.30 82.60
51.50 27.70
51.60 64.70
51.60 71.60
51.80 44.10
51.80 94.30
51.90 62.20
52.10 28.80
52.10 52.80
52.10 54.20
52.20 70.70
52.20 73.20
52.40 63.10
52.60 57.40
52.80 44.80
52.80 48.10
52.90 45.90
53.10 58.80
53.20 59.70
53.20 63.50
53.20 87.30
53.40 31.20
53.60 25.90
53.60 27.10
53.90 54.30
54.10 45.40
54.10 72.30
54.10 90.20
54.20 49.50
54.30 57.80
54.40 29.30
54.40 31.40
54.40 77.40
54.40 77.50
54.50 29.30
54.70 31.70
54.70 83.60
54.80 67.90
54.90 78.70
55.10 56.90
55.30 62.20
55.40 66.40
55.40 66.50
55.40 70.10
55.50 32.80
55.50 66.40
55.50 70.10
55.60 52.70
55.60 67.10
55.70 51.90
55.70 56.80
55.80 50.90
55.90 49.70
56.10 54.40
56.20 43.60
56.20 54.50
56.20 84.40
56.30 64.60
56.40 55.80
56.40 63.30
56.50 63.40
56.60 35.60
56.70 24.90
56.70 26.10
56.70 34.10
56.70 49.90
56.70 74.80
57.10 75.50
57.20 77.20
57.50 24.60
57.60 84.10
57.80 36.70
57.80 65.50
58.10 85.20
58.20 64.90
58.30 22.40
58.30 39.80
58.40 63.50
58.50 65.90
58.70 40.40
58.80 35.30
58.80 49.70
58.80 79.30
58.90 46.70
59.10 35.90
59.10 54.50
59.20 54.30
59.40 51.50
59.50 51.40
59.50 51.50
59.50 52.60
59.70 55.80
59.80 36.50
59.90 65.40
60.10 16.30
60.10 34.40
60.10 34.50
60.10 63.10
60.80 53.80
60.80 72.60
61.20 16.70
61.40 54.80
61.50 52.80
61.80 17.70
61.90 55.40
61.90 57.30
62.30 20.90
62.30 32.50
62.50 31.70
62.90 40.40
62.90 61.30
62.90 66.90
63.20 38.70
63.20 43.30
63.30 64.70
63.30 68.40
63.30 68.50
63.50 62.40
63.50 62.50
63.60 50.40
63.70 54.90
64.10 35.90
64.10 70.30
64.30 20.40
64.30 41.10
64.40 47.70
64.50 30.40
64.50 30.50
64.50 69.10
64.60 62.70
64.70 53.10
64.70 59.70
64.80 61.40
64.80 61.50
64.80 63.90
65.20 40.90
65.20 47.40
65.30 36.70
65.30 43.60
65.80 40.40
65.80 40.50
66.10 43.40
66.10 43.60
66.20 42.20
66.30 38.40
66.30 38.50
66.50 28.80
66.50 42.30
66.60 23.10
67.20 25.50
67.20 36.80
67.30 24.60
67.40 27.90
67.50 40.20
67.60 26.30
68.10 28.10
68.90 31.70
69.70 33.50
69.80 33.40
32.50 62.00
32.80 58.00
33.90 47.00
34.00 45.70
34.70 46.00
34.70 52.00
38.80 30.00
39.00 26.70
39.00 52.70
40.10 72.00
41.00 31.40
41.00 34.30
41.10 27.00
41.10 36.00
42.00 30.80
44.40 76.00
45.40 26.00
45.50 26.00
46.00 24.70
46.00 31.10
46.00 82.40
46.00 82.50
48.20 74.00
50.00 71.50
51.80 86.00
52.50 63.00
52.70 94.00
52.80 52.00
53.20 53.00
54.00 92.00
54.40 69.00
55.10 59.00
56.20 27.00
57.20 65.00
57.60 23.00
57.90 24.00
59.00 77.90
59.90 66.00
60.00 18.20
60.00 80.40
60.50 37.00
60.80 53.00
61.40 64.00
61.50 64.00
62.00 32.10
62.00 61.10
62.00 67.00
63.50 57.00
63.60 31.00
64.00 71.70
64.20 53.00
64.80 46.00
65.00 20.40
65.00 42.60
65.10 65.00
65.90 29.00
66.00 46.30
68.10 36.00