28.80 51.10
29.50 57.60
32.60 57.00
33.30 64.90
33.40 51.90
34.60 68.80
35.10 61.80
35.10 71.50
35.20 44.40
36.00 38.10
37.00 67.50
37.80 45.80
38.00 43.80
38.30 34.90
38.50 34.70
39.70 26.30
39.80 73.90
39.90 33.60
40.10 26.60
40.40 41.30
40.40 58.10
40.60 23.20
40.90 32.80
41.00 45.50
41.70 34.80
41.70 39.80
41.80 33.90
42.20 73.10
42.60 37.40
42.80 36.30
42.80 44.70
43.10 43.60
43.30 76.20
43.80 25.00
43.80 33.20
44.10 35.30
44.20 23.70
44.60 36.60
44.90 41.80
45.10 7.00
45.40 95.50
45.50 95.50
45.80 5.70
46.20 25.10
46.40 2.20
46.40 79.20
46.50 24.70
46.70 8.90
46.70 23.20
46.70 30.70
46.70 33.50
47.50 29.20
47.80 26.40
48.50 39.00
48.60 24.30
48.60 30.50
48.90 35.30
49.50 25.40
49.50 30.00
49.50 32.30
50.00 33.50
50.30 27.10
50.30 41.60
50.60 94.80
50.70 24.20
50.70 26.80
50.80 27.90
50.90 64.70
51.10 9.30
51.30 38.60
51.60 28.80
51.70 50.00
51.80 63.50
52.40 29.80
52.50 29.10
52.80 86.10
53.00 25.30
53.10 52.30
53.30 46.00
53.50 47.80
53.60 40.20
53.90 31.10
54.00 84.60
54.40 75.90
54.50 38.10
54.50 46.90
54.50 70.40
55.00 49.70
55.10 31.90
55.20 48.40
55.40 37.10
55.50 32.00
55.60 50.20
55.60 52.10
55.80 27.60
55.80 33.30
56.20 33.70
56.20 84.10
56.30 35.00
56.60 25.60
56.80 40.40
56.90 40.50
56.90 52.80
57.00 24.70
57.00 39.30
57.10 73.50
57.40 23.40
57.40 30.80
57.40 81.80
57.50 23.40
57.50 30.70
57.90 38.00
57.90 43.90
58.10 32.50
58.20 22.10
58.50 35.40
58.60 21.00
58.80 48.90
58.90 36.00
58.90 78.80
59.10 38.10
59.20 54.70
59.50 64.50
59.60 17.90
59.60 51.60
59.60 60.70
59.70 62.50
59.90 38.70
59.90 54.10
60.00 19.60
60.00 55.10
60.10 37.20
60.30 15.40
60.30 15.50
60.40 32.70
60.50 32.70
60.60 22.90
60.60 38.30
60.60 69.50
60.80 52.60
60.80 54.50
61.00 40.30
61.00 43.00
61.10 22.30
61.30 68.30
61.40 41.10
61.40 47.90
61.50 47.90
61.70 17.00
61.80 38.70
61.80 41.80
61.90 43.70
62.20 18.40
62.20 18.50
62.70 39.70
62.70 41.00
62.70 45.00
62.70 70.40
62.80 19.40
62.80 38.40
62.80 38.50
62.80 45.70
63.00 43.50
63.10 74.00
63.30 19.80
63.30 47.40
63.40 47.50
63.60 67.60
63.70 51.10
63.70 58.80
63.90 41.10
64.00 20.20
64.00 48.40
64.10 48.50
64.10 54.10
64.20 49.80
64.60 48.40
64.90 63.20
65.10 37.20
65.10 43.70
66.00 37.20
66.00 42.60
66.30 42.88
66.40 43.60
66.60 36.60
66.60 37.70
66.60 44.80
66.70 35.50
66.80 35.40
67.40 24.70
67.40 40.70
67.60 25.10
67.70 25.70
67.90 26.80
68.20 39.60
68.60 36.30
68.80 36.70
68.80 37.90