28.80 51.10
29.10 51.80
29.10 55.40
29.10 55.50
29.60 57.60
32.50 55.40
32.90 54.40
33.20 64.90
34.60 68.80
35.10 61.80
35.10 71.60
35.20 44.40
35.20 52.30
36.50 38.40
36.60 67.10
37.80 45.90
38.10 39.20
38.10 43.80
38.30 34.90
38.35 37.68
38.50 34.70
38.50 42.70
39.10 34.30
39.70 26.30
39.80 33.40
39.80 73.90
39.90 33.50
40.10 26.60
40.10 58.40
40.40 41.30
40.40 48.20
40.40 50.70
40.50 58.20
40.60 23.20
40.60 37.20
40.60 49.80
40.80 33.50
40.90 32.80
41.40 60.30
41.60 61.40
41.60 61.50
41.70 34.70
41.70 39.80
42.20 73.20
42.30 44.50
42.60 37.30
42.70 36.20
42.80 44.70
43.10 43.60
43.30 76.20
43.80 33.10
44.10 35.40
44.10 35.50
44.30 23.70
44.50 92.80
44.70 36.50
44.90 41.80
45.20 94.70
45.40 40.80
45.50 95.50
45.80 38.50
46.20 33.70
46.40 79.20
46.50 24.70
46.60 23.60
46.70 23.10
46.80 30.70
46.80 33.50
47.20 34.90
47.30 28.80
47.60 29.20
47.60 32.40
47.90 26.40
48.10 41.50
48.20 26.50
48.20 47.30
48.40 40.40
48.40 40.50
48.40 78.90
48.50 30.30
48.60 96.70
48.90 35.30
49.20 24.30
49.30 27.90
49.40 26.60
49.50 25.40
49.50 26.70
49.60 32.30
49.90 33.50
49.90 49.30
50.30 41.60
50.40 24.10
50.40 26.20
50.60 94.80
50.70 24.20
50.70 44.10
50.90 64.70
51.20 27.40
51.20 27.50
51.30 38.60
51.40 29.20
51.50 42.60
51.60 28.70
51.70 39.20
51.70 43.70
51.70 49.90
52.20 51.40
52.20 63.20
52.30 29.80
52.50 29.10
52.70 24.10
53.10 52.30
53.20 85.80
53.30 46.10
53.40 47.80
53.40 58.80
53.50 47.90
53.60 40.10
54.40 36.60
54.40 75.90
54.50 46.90
54.50 47.90
54.50 70.50
55.50 52.10
55.50 74.40
55.60 50.30
55.60 54.60
55.70 55.90
56.20 84.10
56.40 48.40
56.40 84.60
56.80 67.50
56.90 52.80
57.10 73.50
57.40 81.80
57.90 43.90
58.30 72.30
58.40 45.40
58.60 44.70
58.70 45.50
58.90 78.80
59.20 49.10
59.20 54.70
59.20 83.10
59.20 83.80
59.50 64.40
59.50 64.50
59.60 51.60
59.60 60.70
59.80 62.60
59.90 54.20
60.60 69.40
60.60 69.50
60.70 52.60
60.80 54.50
61.30 68.30
61.40 47.90
61.50 47.90
61.60 63.90
61.90 43.70
62.70 70.40
62.70 70.50
62.80 65.40
62.80 65.50
63.70 58.80
63.70 67.70
64.30 52.90
64.30 56.50
64.40 56.30
64.40 71.20
64.90 63.20
32.60 57.00
33.50 52.00
36.00 38.10
37.00 37.00
37.00 67.50
41.00 45.50
41.80 34.00
42.50 74.00
43.80 25.00
46.30 25.00
48.00 35.30
48.50 39.00
49.30 31.00
49.50 30.00
51.00 32.60
51.60 64.00
51.70 26.00
53.00 25.30
54.00 77.40
54.00 84.60
55.00 49.70
56.60 80.00
59.80 47.00
60.00 55.10
61.00 43.00
63.10 74.00
64.10 54.00