29.00 55.40
29.10 51.80
29.60 57.60
32.50 55.40
32.60 57.00
32.90 54.40
33.30 64.90
33.50 52.00
34.60 68.80
35.00 71.60
35.10 61.80
35.20 44.40
35.20 52.30
36.00 38.10
36.50 38.40
36.70 67.10
37.00 36.90
37.00 67.50
37.80 45.80
38.10 43.80
38.30 34.90
38.30 37.70
38.50 34.70
38.60 42.70
39.60 25.80
39.80 33.50
39.90 73.90
40.10 26.60
40.40 50.70
40.40 58.10
40.60 23.20
40.60 37.20
40.60 49.80
40.90 32.80
40.90 33.50
41.00 45.50
41.40 60.20
41.60 34.70
41.70 39.80
41.80 34.00
42.20 73.20
42.50 74.00
42.60 37.40
42.70 36.30
42.80 44.70
43.10 43.60
43.30 76.20
43.80 25.00
43.80 33.20
44.10 35.40
44.20 23.70
44.50 92.80
44.90 41.80
45.10 7.00
45.40 40.90
45.40 95.50
45.70 5.60
45.80 38.50
46.20 25.10
46.40 79.20
46.50 24.70
46.60 23.60
46.70 8.80
46.70 23.10
47.20 34.90
47.40 28.80
47.60 29.20
47.60 32.40
48.20 47.30
48.30 26.40
48.40 78.90
48.50 30.30
48.50 39.00
48.60 96.70
48.90 35.40
49.20 14.30
49.30 24.30
49.30 28.00
49.30 31.00
49.50 25.40
49.50 29.30
49.50 30.10
50.00 33.50
50.00 49.20
50.30 42.40
50.40 26.90
50.50 26.20
50.60 94.80
50.70 24.20
50.70 44.10
50.90 64.70
51.00 32.60
51.10 9.20
51.10 27.50
51.20 27.40
51.30 38.60
51.40 29.30
51.60 28.70
51.60 42.50
51.70 39.20
51.70 43.70
51.70 50.00
51.80 63.50
52.20 51.40
52.20 63.20
52.30 57.00
52.50 29.10
52.70 24.10
52.80 86.10
53.00 25.30
53.10 52.40
53.30 46.00
53.40 58.80
53.50 47.90
53.90 31.10
54.00 84.60
54.40 36.60
54.40 75.90
54.50 38.10
54.50 46.90
54.50 47.90
54.50 70.50
54.90 49.70
55.10 31.90
55.40 37.00
55.50 31.90
55.60 50.20
55.60 52.10
55.70 55.80
55.80 27.60
55.80 33.30
56.10 35.50
56.20 33.70
56.20 84.20
56.30 35.00
56.40 48.30
56.40 84.60
56.60 25.50
56.80 67.50
56.90 40.40
57.00 24.70
57.00 39.30
57.00 52.80
57.10 73.50
57.40 23.40
57.40 30.80
57.40 81.80
57.50 23.40
57.90 38.00
57.90 43.90
58.10 32.40
58.10 32.50
58.20 22.10
58.30 72.30
58.40 45.30
58.60 21.10
58.90 36.00
58.90 78.80
59.10 38.00
59.20 49.10
59.20 54.70
59.20 83.80
59.50 64.40
59.50 64.50
59.60 17.90
59.60 51.60
59.60 60.70
59.70 47.00
59.70 62.60
59.90 38.70
59.90 54.20
60.00 19.60
60.00 55.10
60.10 37.30
60.30 15.40
60.30 15.50
60.40 32.70
60.50 32.70
60.60 22.90
60.60 38.30
60.60 69.50
60.80 52.70
60.80 54.50
61.00 40.20
61.00 43.00
61.10 22.20
61.30 68.30
61.40 41.20
61.50 47.80
61.60 64.00
61.70 16.90
61.80 38.70
61.90 43.70
62.00 42.00
62.20 18.40
62.20 18.50
62.20 42.50
62.70 38.40
62.70 38.50
62.70 39.70
62.70 65.40
62.70 70.40
62.70 70.50
62.80 19.40
62.80 45.00
62.80 45.70
62.90 43.60
63.10 74.00
63.30 19.90
63.40 40.90
63.40 47.40
63.40 47.50
63.70 51.20
63.70 58.80
63.70 67.70
63.90 41.10
64.00 20.20
64.10 48.40
64.10 48.50
64.10 54.00
64.20 49.80
64.30 56.50
64.40 52.80
64.40 56.30
64.40 71.20
64.60 48.40
64.90 63.20
65.00 43.70
65.10 37.20
65.10 45.80
65.50 42.60
66.00 37.20
66.40 43.60
66.60 36.60
66.60 37.70
66.70 44.80
66.80 35.40
66.80 35.50
67.40 24.80
67.40 40.70
67.60 25.10
67.70 25.70
67.90 26.80
67.90 40.30
68.60 36.30
68.80 36.70
68.80 37.90