29.40 57.40
29.40 57.50
29.50 57.40
29.50 57.50
34.70 61.00
36.00 37.40
36.00 37.50
36.60 43.90
36.70 71.40
36.70 71.50
37.60 32.10
37.80 56.80
40.40 41.30
40.50 41.30
44.10 65.10
44.20 87.30
45.40 57.00
45.50 57.00
45.60 37.80
46.40 2.20
46.50 2.20
46.90 44.40
46.90 44.50
47.90 26.40
47.90 26.50
48.60 40.40
48.60 40.60
48.90 10.20
49.50 75.20
50.40 93.50
50.60 93.40
50.60 93.50
50.90 7.70
52.30 55.60
52.50 5.60
52.50 55.60
53.20 39.70
53.90 59.70
55.90 52.50
56.60 25.40
56.60 25.50
58.50 57.10
58.60 21.10
59.30 77.30
59.40 45.90
59.50 45.90
61.00 42.80
63.60 61.30
63.60 61.50
66.40 36.00
66.50 36.00
66.60 43.00
66.80 45.40
66.80 45.50
67.70 32.80
69.10 36.90
75.70 62.70
78.20 54.40
78.20 54.50
81.20 45.30