54.36 31.41
32.30 64.10
32.50 62.00
32.80 58.00
33.10 55.80
33.20 64.30
33.50 54.10
33.60 60.30
33.90 47.00
33.90 52.30
34.10 54.90
35.10 62.50
34.00 45.70
34.70 46.00
34.70 52.00
35.60 57.50
35.70 60.50
36.20 48.80
37.10 68.60
37.40 47.70
37.50 68.70
37.90 46.70
38.20 70.70
38.50 57.40
38.80 28.10
38.80 55.20
39.00 26.70
39.00 43.20
39.00 52.70
39.50 54.50
39.60 71.40
39.80 49.50
40.10 60.50
40.20 47.40
40.30 41.70
40.50 54.70
40.80 58.20
40.80 59.70
40.90 23.20
41.20 62.30
42.30 88.60
41.00 31.40
42.40 38.50
42.50 34.70
42.70 21.20
43.20 63.60
43.20 90.50
44.40 31.80
44.40 36.60
44.40 75.90
44.90 37.60
45.90 64.50
46.20 66.40
46.70 67.60
48.20 68.70
48.50 65.40
48.70 75.90
49.50 76.30
50.00 71.40
50.00 71.50
51.80 94.30
52.10 54.20
52.60 57.40
52.60 63.90
52.90 45.90
53.20 87.30
53.50 25.90
53.90 54.20
54.10 45.30
54.20 49.50
54.40 69.00
54.70 31.70
54.70 83.60
54.80 67.90
55.10 59.00
55.30 62.20
55.40 66.40
55.60 52.70
55.60 67.10
55.80 50.90
56.10 54.40
56.20 43.60
56.20 54.50
56.20 84.40
56.30 64.60
56.40 55.70
56.40 63.30
56.70 24.90
56.70 49.90
57.10 75.50
57.20 65.10
58.30 39.80
58.40 63.60
58.70 40.40
58.80 49.70
58.80 79.30
58.30 22.35
59.50 51.50
59.50 52.60
59.00 77.90
59.90 66.00
60.00 80.40
60.10 17.70
60.10 34.40
60.10 34.50
60.10 63.10
60.50 36.90
60.80 53.00
60.80 53.80
60.80 72.60
61.20 16.70
61.50 52.80
61.90 55.30
62.00 61.10
62.00 67.00
62.90 61.30
63.50 57.00
63.70 54.90
64.10 35.90
64.20 52.90
64.30 41.10
64.40 47.70
64.60 53.10
64.60 62.60
64.70 59.60
64.80 61.40
64.80 64.00
65.10 65.00
65.20 40.90
65.30 36.60
65.79 40.45
66.10 43.50
66.20 42.30
66.50 28.70
67.20 36.90
67.30 24.50
67.60 26.30
68.10 28.10
68.90 31.70