46.70 14.40
50.30 12.70
51.10 10.30
51.40 27.80
51.50 27.70
51.80 6.80
52.10 28.80
53.40 31.20
53.60 25.90
53.60 27.00
54.30 31.30
54.30 31.50
54.40 29.30
54.50 29.30
54.70 31.70
55.50 32.70
55.80 36.30
56.20 27.00
56.60 35.70
56.70 24.90
56.70 26.10
56.70 34.00
57.50 23.00
57.50 24.60
57.80 36.70
57.90 24.00
58.30 22.30
58.30 39.80
58.70 40.40
58.70 40.50
58.80 35.30
59.10 35.90
59.80 36.50
60.00 18.20
60.10 34.40
60.10 34.50
60.20 16.20
60.20 16.50
60.50 36.90
61.20 16.70
61.80 17.80
62.00 32.10
62.30 20.80
62.30 32.50
62.60 31.80
62.70 42.50
62.80 40.40
62.80 40.50
63.20 38.70
64.10 35.90
64.30 20.40
64.30 30.90
64.30 41.10
64.40 47.70
64.50 30.50
64.60 30.40
64.80 46.00
64.90 42.60
65.00 20.40
65.20 40.90
65.20 47.40
65.20 47.50
65.30 36.60
65.30 43.80
65.80 40.40
65.80 40.50
65.90 29.00
66.00 46.20
66.10 43.40
66.10 43.50
66.20 42.30
66.30 38.40
66.30 38.50
66.50 28.80
66.50 42.20
66.60 23.10
67.20 25.50
67.20 36.80
67.30 24.50
67.40 27.80
67.50 40.30
67.70 26.30
68.10 28.10
68.10 35.90
68.90 31.70
69.70 33.40
69.70 33.50